ind	p0	p132	p265	p397	p530
346	0.2999	1.3938	4.047	8.9365	14.4663
347	0.4265	1.9578	6.6809	15.9458	27.3269
348	0.4991	2.0284	6.0664	13.7166	22.7103
349	0.1739	1.2515	4.4695	11.0793	18.7735
350	0.3712	1.8365	5.9575	14.4277	23.8408
351	0.2727	1.3336	3.9884	8.7238	14.138
352	1.1542	3.7294	9.8721	20.2459	32.292
353	0.3175	1.7614	5.678	13.824	22.7556
354	0.1726	1.2156	4.464	11.2814	19.679
355	0.6935	2.8703	8.4873	19.1791	30.8544
356	0.5498	2.3433	7.2887	17.2022	28.4123
357	0.7276	2.5778	7.4177	16.2656	25.7423
358	0.5879	2.3876	7.0633	17.2328	28.7312
359	0.4806	2.339	7.7452	18.9444	31.8284
360	0.481	2.2166	7.087	17.0398	27.9577
361	0.2769	1.66	5.6707	14.9897	25.8092
362	0.7281	2.6245	7.3139	16.0735	26.359
363	0.3418	1.6791	5.6198	13.568	22.6985
364	0.3764	1.7024	5.2701	12.5866	21.5353
365	0.5849	2.1908	6.2308	13.3812	21.5758
386	0.5944	2.2503	6.6202	14.7805	25.443
387	0.1388	1.1776	4.2818	10.5983	18.0908
388	0.4891	1.9541	5.5579	12.0764	19.7212
389	0.2953	1.521	5.0131	11.6771	18.9202
390	0.1775	1.1619	3.7293	8.9763	14.8379
391	0.3479	1.837	5.8778	14.3301	23.6787
392	0.6691	2.5292	7.2726	16.2013	26.063
393	0.4415	1.9679	6.3203	14.7826	24.478
394	0.7571	2.8494	8.2399	18.1379	28.684
395	0.5431	2.4314	7.8834	19.2413	32.3032
396	0.4594	1.9828	5.7703	13.3646	21.3876
397	0.0219	0.7606	2.995	7.7202	13.172
398	0.8004	2.9706	8.4139	18.1704	28.6206
399	0.4322	1.7193	4.8347	10.4625	16.4785
400	0.5249	2.1013	5.9717	13.3864	21.5876
401	1.1252	3.7199	9.7107	19.8248	30.2156
402	0.2295	1.323	4.4387	10.8683	19.5173
403	0.3674	1.6523	5.071	11.3296	18.2297
404	0.5588	2.2272	6.5315	14.6153	23.5236
405	0.7219	2.4907	6.7085	14.2101	21.8815
426	1.1498	3.3652	8.4472	16.6534	25.0456
427	1.3301	3.9192	9.5778	19.7154	30.8244
428	0.8597	3.1859	9.1553	21.3378	34.1622
429	0.8812	2.8296	7.2226	14.904	22.6507
430	0.8275	2.9724	8.4594	19.2831	30.5014
431	1.1661	3.7361	9.9131	20.15	32.0829
432	0.5798	2.204	6.3879	13.9391	22.9044
433	0.819	2.7707	7.3286	15.1401	24.4201
434	1.1997	3.7907	10.3781	22.0168	35.4388
435	1.4145	4.6197	12.5441	27.7365	45.3643
436	0.5107	2.0688	5.8644	12.8834	20.766
437	1.3836	4.3388	11.6313	24.9308	39.4143
438	0.5507	1.9158	5.0546	10.3038	16.1125
439	1.2418	4.0831	11.2539	24.4491	40.6348
440	1.0093	3.1751	7.9368	15.8569	25.465
441	0.8768	2.9968	8.5051	18.1332	29.2853
442	1.3359	4.1617	11.092	22.9699	36.0519
443	1.6945	4.8975	12.109	24.2782	37.8399
444	0.8804	3.1396	9.0652	20.1683	32.6831
445	0.9058	3.1274	8.5964	18.3833	30.9959
466	1.2838	3.9655	10.7078	22.3126	35.2365
467	0.8226	2.755	7.2676	14.9813	23.7345
468	0.3671	1.5731	4.3582	9.3121	14.6934
469	0.4102	1.6358	4.2112	8.8616	14.0366
470	0.7619	2.6274	7.1774	15.0809	23.1255
471	0.5821	2.159	6.2719	13.2412	21.2269
472	0.4622	1.7292	4.6173	9.3928	14.8694
473	0.8185	2.765	7.6443	16.4871	26.4702
474	1.0659	3.4814	9.6585	20.3685	32.5718
475	1.0567	3.0309	7.4514	14.9919	23.1644
476	0.9533	3.2435	9.0329	19.0203	31.1589
477	0.7344	2.6098	7.1565	15.1021	24.8272
478	0.9223	2.9792	8.2378	17.2121	27.4187
479	0.5361	2.0218	5.895	13.1874	21.1585
480	1.0546	3.266	8.479	17.572	27.5369
481	0.5605	2.1324	5.9166	12.7022	19.8814
482	1.9535	5.4962	13.0892	24.7997	37.2905
483	1.2812	3.8251	9.6057	19.2236	30.0199
484	1.4718	4.5713	11.8343	24.1003	37.3987
485	0.932	3.2954	9.0166	19.1714	30.8334
506	0.761	2.5948	6.8662	14.221	22.4463
507	1.2714	4.0552	10.3321	21.6516	33.4012
508	1.0455	3.5675	9.5048	19.9493	31.0994
509	0.6225	2.178	5.6678	11.9205	18.6712
510	0.9988	3.0978	7.9673	16.2682	25.0853
511	1.1014	3.556	9.1952	19.3082	29.4838
512	1.5585	4.7577	12.5801	25.9908	40.3727
513	0.5771	2.2682	6.5162	14.3678	23.4452
514	1.0605	3.3648	8.6905	18.227	28.041
515	1.3206	4.0969	10.5659	21.7015	35.0687
516	1.3956	4.2114	10.473	21.3665	32.7456
517	0.7162	2.55	7.0211	15.0938	23.7132
518	0.8706	3.0503	8.3424	17.3143	28.3801
519	0.6448	2.2663	6.1569	12.8993	20.7824
520	0.3874	1.6976	5.1345	11.4814	18.2748
521	1.8167	5.1806	12.9563	26.5456	41.2347
522	0.9482	3.2456	8.8902	18.7923	30.6111
523	0.789	2.7949	7.9492	16.964	26.8795
524	0.8492	2.8491	7.7897	16.2502	26.2478
525	0.6519	2.4697	7.0082	15.277	24.9709
546	0.6239	2.4287	7.2081	16.3714	27.503
547	0.6871	2.6436	7.5775	17.0641	27.7235
548	1.156	3.7685	10.144	21.1105	33.787
549	0.8578	2.9016	7.9556	16.5974	25.6478
550	0.5371	2.2044	6.5541	14.8558	24.2424
551	0.5597	2.2223	6.4976	14.6225	23.1226
552	0.4418	2.0145	6.5544	15.4927	26.6258
553	0.5807	2.2648	6.6717	14.623	23.2155
554	1.1636	3.6833	9.2421	18.644	28.9775
555	0.5208	2.1136	6.2468	14.0803	21.9383
556	1.1053	3.8542	10.7843	22.6689	36.8861
557	1.0233	3.387	8.812	18.3141	28.4045
558	0.8817	2.9804	8.3352	18.3534	29.9373
559	0.5438	2.244	6.4926	14.4679	23.5803
560	0.6061	2.354	7.0987	15.7037	26.0597
561	0.6069	2.3942	7.2466	16.3178	26.313
562	0.8721	2.9713	8.2365	17.5457	27.3856
563	0.7947	2.8189	7.8076	16.5083	26.6114
564	0.7321	2.8159	8.3047	18.517	29.5906
565	0.3861	1.9276	6.456	15.1386	24.9326
586	0.3789	1.8	5.5876	12.7965	20.9649
587	1.0602	3.1985	7.928	14.9554	22.3981
588	0.6132	2.4906	7.6463	17.4874	28.6908
589	0.3188	1.8113	6.5203	16.4576	27.8983
590	1.1086	3.8094	10.5009	22.909	37.3028
591	0.7458	2.9151	8.9646	20.57	34.2778
592	0.5051	2.0841	6.0864	13.8376	22.7782
593	0.4642	1.9153	5.5265	11.8263	18.7913
594	1.0001	3.211	8.2829	16.809	25.4092
595	0.7251	2.8203	7.991	17.9543	28.72
596	0.5262	2.255	6.7007	15.7953	25.5253
597	1.3714	3.9453	9.7939	19.4234	29.5377
598	0.7175	2.8114	8.2391	18.5223	30.3686
599	0.4184	1.7944	5.4081	12.0857	18.8219
600	1.0007	3.3416	8.5649	18.2751	28.2578
601	0.6086	2.3605	6.7329	14.9552	24.6987
602	1.1638	3.6133	8.8875	18.2518	27.5524
603	0.8593	2.9457	8.0668	17.0249	26.082
604	0.9377	3.3359	9.2963	20.1597	31.8576
605	0.6386	2.4135	6.94	15.1854	24.2964
626	1.1469	3.5353	8.9099	17.8731	28.7036
627	0.6195	2.314	6.5165	14.2978	22.3446
628	0.7363	2.6252	7.4966	15.8126	25.544
629	0.7614	2.6554	7.3455	16.0068	25.5969
630	0.906	2.9641	7.9706	16.4317	26.4702
631	1.3675	4.0146	9.7195	20.2545	31.9679
632	0.07	0.7326	2.4224	5.7633	9.8973
633	0.5469	2.1202	5.9884	13.458	21.4657
634	0.8602	3.0136	8.0964	16.7761	26.7316
635	1.4442	4.7137	13.1547	26.9757	44.4993
636	0.8254	3.0579	8.994	20.0189	32.4527
637	0.9441	3.1802	8.3388	17.0369	27.2415
638	0.348	1.7167	5.6674	13.8526	24.1823
639	0.512	2.0071	5.5343	11.8028	18.5794
640	0.9442	3.0577	8.0016	16.7216	26.4555
641	1.2464	3.721	9.62	20.1452	31.0572
642	0.5434	2.1518	6.075	13.4238	22.3329
643	0.2821	1.3469	4.208	9.422	15.5243
644	0.5067	2.3821	7.7261	18.5956	32.1209
645	1.1767	3.7105	9.4243	19.5941	29.7715
666	0.7134	2.7313	7.3763	16.3119	26.8267
667	0.7612	2.7878	7.6068	16.6705	26.8388
668	0.8954	3.1679	8.8698	18.7026	29.291
669	0.4635	1.9092	5.505	12.5057	20.8936
670	0.646	2.4212	6.861	14.5647	23.4865
671	0.1435	1.0388	3.4559	8.1364	13.3317
672	0.4304	1.9395	5.5856	12.5362	20.1405
673	0.4223	1.7682	5.1447	11.4924	18.2468
674	0.4333	1.7408	4.9239	10.5662	16.8373
675	0.5017	1.9062	5.3626	11.6939	17.8684
676	0.908	3.1216	8.7639	18.1938	27.7793
677	0.1222	0.9438	3.0674	7.2446	12.2746
678	0.4408	1.7214	4.823	10.5766	16.874
679	0.7606	2.4405	6.3347	12.8437	19.9919
680	0.3782	1.572	4.5341	10.1197	16.5347
681	1.0585	3.2908	8.6031	17.6029	27.5517
682	0.7853	2.682	7.1689	15.1293	24.1074
683	0.3537	1.5712	4.6321	10.2404	16.8417
684	0.0843	0.8751	2.9177	6.807	10.9193
685	1.1475	3.7811	10.4334	22.3533	36.4288
706	0.552	2.2525	6.7193	15.419	24.9533
707	0.9084	3.1946	9.1827	20.1376	30.8378
708	1.1882	3.5921	8.6585	17.0505	24.6891
709	0.9299	3.0064	7.3057	15.3331	23.7995
710	1.1224	3.4882	9.0096	18.3383	28.5967
711	1.2583	4.0635	10.5271	22.3173	34.5673
712	0.5196	2.154	6.5598	14.6943	24.4439
713	0.4757	1.8808	5.2246	11.1833	17.8946
714	0.4724	1.8814	5.6249	12.8896	20.6117
715	0.8181	2.975	8.2081	18.066	29.1192
716	0.5411	2.0977	6.0068	13.1746	21.4306
717	0.4425	1.7845	5.189	11.1608	17.7359
718	1.1713	3.8672	10.3173	22.1638	35.4814
719	0.5709	1.9529	5.1862	10.7591	17.151
720	0.8792	2.9461	7.899	16.3612	25.8971
721	0.3777	1.934	6.3839	15.7164	25.3569
722	0.8056	2.7059	7.0192	14.8071	23.1089
723	0.724	2.5538	7.3356	15.6466	25.8894
724	0.8632	2.9359	8.0446	16.3968	26.6579
725	0.5862	2.2829	6.6031	14.9693	24.2649
746	0.8834	3.3684	10.0691	22.6158	35.2205
747	0.8265	2.7037	7.3268	14.8151	23.325
748	0.9217	2.9912	8.0327	16.6723	25.5389
749	0.85	3.0425	8.8708	19.1743	31.1614
750	0.3955	1.7771	5.3557	12.0256	19.0382
751	0.4008	1.766	5.3119	11.6933	18.6678
752	1.0828	3.7819	10.7704	23.87	36.9318
753	0.5833	2.3669	6.7815	14.3754	23.5147
754	0.7974	2.9504	8.6429	19.1603	30.2997
755	0.1867	1.1907	3.8556	8.8832	14.9106
756	0.5025	2.1715	6.4714	14.4021	22.9674
757	0.3992	1.7416	5.528	13.227	22.4606
758	0.3978	1.8224	5.8458	13.7309	22.984
759	0.3286	1.5938	4.8996	10.927	17.8184
760	0.6121	2.4969	7.4049	16.6622	26.6079
761	0.3372	1.5778	4.7725	11.0745	18.167
762	0.6432	2.609	7.8957	17.9218	29.7731
763	0.5027	2.3019	7.3744	17.6984	29.3901
764	0.2772	1.2883	3.614	7.569	11.3626
765	0.7105	2.8353	8.7516	20.3278	33.0581
786	0.5187	2.1302	6.4135	14.5244	23.8559
787	0.5079	2.0338	5.8008	12.812	19.8038
788	0.5728	2.4065	7.1208	16.0382	25.4633
789	0.2093	1.3925	4.7585	11.2957	18.7574
790	0.2695	1.5061	4.7853	11.3887	18.6479
791	0.9612	3.0957	8.1875	16.6972	26.3492
792	0.5829	2.2453	6.5782	14.8256	24.0798
793	0.5359	2.3432	6.9669	16.358	27.128
794	0.7796	2.6845	7.1473	15.1905	24.4048
795	0.6207	2.4315	6.8875	14.6512	23.4842
796	0.7009	2.8861	8.7823	19.9003	31.8223
797	0.4243	1.8869	5.9007	13.5294	21.9096
798	0.2307	1.3336	4.2897	10.0969	16.169
799	0.5227	2.2043	6.5316	14.964	23.5053
800	0.3575	1.8945	6.442	15.5408	25.1168
801	0.3262	1.734	5.6826	13.2463	22.5886
802	0.6184	2.5053	7.7945	18.1154	29.5728
803	0.3025	1.7118	5.566	13.4225	22.055
804	0.5049	2.1362	6.4132	14.478	23.1042
805	0.4904	1.9114	5.3212	11.615	18.4105
826	0.9015	2.9542	7.8554	16.4031	26.5672
827	0.7608	2.8286	8.2606	19.0254	31.5972
828	1.1806	3.567	9.402	18.4933	28.8174
829	1.1075	3.8363	10.7435	24.2271	40.2545
830	0.4275	1.6265	4.4527	9.302	14.7388
831	0.7828	2.5484	6.4264	12.7762	20.4377
832	0.6727	2.3281	5.9937	12.1638	19.7562
833	0.5065	2.0589	6.0985	13.7149	23.0469
834	0.8065	2.7611	7.5538	16.0898	24.7313
835	0.5253	2.3005	7.4092	18.6961	32.6691
836	0.5608	2.1061	5.9432	13.333	21.5105
837	0.6185	2.3406	6.7941	14.8112	24.2474
838	0.7969	2.8543	8.0948	17.6407	28.2333
839	0.7331	2.6265	7.2936	15.7509	24.9007
840	1.0786	3.3628	8.5453	18.1737	28.9236
841	0.7133	2.7238	8.1718	18.6948	30.4886
842	0.7017	2.5856	7.244	15.9886	25.2725
843	0.8591	3.1836	8.7609	20.2606	33.3197
844	0.8666	2.9001	7.6768	16.2321	25.8125
845	0.3868	1.8677	5.8979	13.9503	23.4758
866	0.7295	2.6051	6.998	14.9419	24.2503
867	0.4595	1.874	5.4753	12.1023	20.2062
868	1.1477	3.5371	8.8243	17.9943	27.4447
869	0.4106	1.7008	4.6951	10.0505	16.0451
870	0.625	2.2852	6.7032	14.462	22.9438
871	0.636	2.2898	6.168	12.921	20.7829
872	0.259	1.3216	4.1021	9.8609	16.4122
873	0.5121	2.1052	6.6902	15.2884	26.0722
874	1.0393	3.3043	8.6086	17.6948	28.0206
875	0.69	2.4097	6.5893	13.9796	21.9034
876	0.6323	2.3322	6.7019	15.2015	24.0552
877	0.6738	2.2293	5.9088	12.0143	18.8063
878	0.7752	2.7658	7.8475	17.2562	27.9202
879	0.8568	3.0361	8.4635	17.8294	28.2976
880	0.8414	2.9975	8.6637	18.8653	29.8701
881	0.1424	1.0076	3.3255	7.8255	12.6369
882	0.3547	1.6445	5.0615	12.0403	20.2218
883	0.4454	1.7871	5.0535	10.8331	16.9379
884	0.2857	1.4552	4.7397	11.3225	19.2208
885	0.3275	1.4872	4.4014	9.847	16.2485
906	0.6959	2.5063	6.7835	14.6282	24.0577
907	0.9934	3.1906	8.5316	17.2308	27.2852
908	0.2668	1.5188	5.3392	13.0542	22.5867
909	0.575	2.2743	7.1745	16.1221	26.797
910	0.6045	2.2015	6.1205	13.2208	21.1166
911	0.5877	2.4992	7.5169	16.8432	27.0301
912	1.127	3.7251	9.6554	20.4746	31.4775
913	0.7695	2.7324	7.311	15.4734	24.3971
914	1.0459	3.3873	8.9105	18.1871	28.8281
915	0.6956	2.4812	6.8995	14.6161	23.1731
916	0.276	1.3543	4.1114	9.4856	15.4041
917	0.7638	2.9075	8.7696	20.4109	32.0894
918	0.5352	2.2975	7.3878	17.3804	30.0834
919	0.5917	2.1645	6.2672	13.7855	22.1176
920	0.6898	2.5202	6.9898	15.4842	25.99
921	0.2628	1.4068	4.3169	10.3911	17.2873
922	0.5356	2.3187	7.1841	16.0255	26.0104
923	0.4059	1.7366	4.7481	10.2815	16.387
924	0.9604	3.3297	8.9811	19.356	30.5031
925	0.9266	3.2105	9.1264	19.9478	32.2328
946	0.6949	2.5577	7.1479	15.3691	24.5987
947	1.252	4.0822	11.1847	23.6773	37.2067
948	0.5425	2.2027	6.5449	14.8521	24.4706
949	1.2441	3.8685	9.601	19.0497	29.1645
950	0.9131	3.1102	8.2696	17.2742	26.8539
951	0.7171	2.8811	8.4485	19.7224	31.2257
952	0.6159	2.3231	6.5772	13.9066	22.5189
953	0.5806	2.0264	5.4201	11.2028	17.5466
954	0.272	1.4621	4.7186	11.1128	18.8945
955	1.1329	3.7661	10.4757	22.7286	36.506
956	0.5878	2.0981	5.7439	12.4354	19.4732
957	0.2528	1.3661	4.3863	9.8748	15.5132
958	1.7513	4.992	11.7983	23.0955	34.3712
959	0.3977	1.8719	5.7847	13.3279	21.6881
960	0.2861	1.5535	5.1295	12.1535	20.5708
961	0.6604	2.349	6.4673	13.3727	21.088
962	0.6481	2.4155	6.8632	14.7176	23.5087
963	1.9743	5.1735	12.6705	24.1208	35.9586
964	0.9611	3.2889	9.1503	19.2704	30.2078
965	0.7111	2.4751	6.4982	13.3841	20.7005
986	0.843	3.1084	9.0287	19.3349	31.989
987	1.2047	4.0118	10.9702	22.989	36.5555
988	0.791	2.8759	8.3877	18.5262	30.3192
989	0.8609	2.9925	8.0939	17.211	27.0501
990	0.6666	2.3981	6.5221	13.7105	20.9415
991	0.8447	3.0526	8.5669	19.0753	29.8762
992	0.9626	3.0454	7.6212	15.8051	24.0373
993	0.4046	1.8408	5.5478	12.4673	20.0316
994	0.8653	3.2136	9.2948	20.2068	32.861
995	1.0401	3.6801	10.514	22.4337	35.138
996	0.5851	2.349	6.7892	15.5012	24.5825
997	0.5888	2.2576	6.4992	13.8629	21.247
998	0.6955	2.4949	6.6911	13.987	21.4622
999	0.6661	2.3535	6.3386	12.9683	20.2863
1000	0.8488	2.9525	8.0677	16.6499	25.9283
1001	0.1071	0.9093	2.9687	6.7628	10.99
1002	0.6161	2.2595	6.3303	13.1986	20.6575
1003	0.6186	2.3738	6.9226	15.4615	24.4566
1004	0.2039	1.3216	4.4556	10.8374	18.3766
1005	0.7105	2.7566	8.0133	18.1807	28.9933
1026	1.1033	3.3041	8.1322	16.1359	25.0836
1027	1.2955	3.7059	9.0459	18.0583	28.6565
1028	0.9638	3.2683	9.1725	19.793	31.1529
1029	1.1352	3.6655	9.5675	20.1481	32.9205
1030	0.6436	2.4214	6.679	14.3073	22.9268
1031	1.1098	3.7681	10.5502	22.232	35.7779
1032	1.1219	3.489	9.137	18.8887	30.4672
1033	0.5315	1.8115	4.7957	9.7705	15.0786
1034	1.169	3.6481	9.4552	19.1622	30.6676
1035	1.4596	4.5877	12.4091	26.3404	40.6079
1036	1.2926	4.1575	10.8084	22.6069	35.3965
1037	0.7252	2.4207	6.081	12.1739	19.0106
1038	1.0796	3.41	9.0235	18.4909	28.9167
1039	1.269	4.1044	10.7769	23.0179	36.6987
1040	1.3715	4.4446	12.2932	26.1254	41.9645
1041	1.6044	5.0057	13.3016	27.8583	44.4625
1042	1.1408	3.6333	9.7494	20.7185	33.8863
1043	0.8664	2.9621	8.2724	17.7996	29.8585
1044	1.5064	4.4769	11.7383	25.2761	39.7323
1045	1.0272	3.4211	9.2075	19.6155	30.8699
1066	0.6568	2.5388	7.6996	17.3356	27.1934
1067	1.0595	3.2672	8.2528	16.3192	25.4187
1068	1.5648	4.6915	12.2749	25.8845	41.2016
1069	0.7182	2.5279	7.0274	15.7364	25.1137
1070	1.1693	3.7214	9.8632	20.3071	31.1887
1071	0.1544	0.9017	2.6928	5.798	9.3755
1072	1.4381	4.22	10.302	20.3845	31.2773
1073	1.3069	3.8136	9.6055	18.9784	29.1037
1074	0.9121	3.0924	8.8936	19.5485	31.5719
1075	0.9882	2.9738	7.323	14.3786	22.8449
1076	1.1514	3.5612	9.2931	19.1588	28.9904
1077	1.1749	3.5361	8.854	18.1268	27.1446
1078	0.8863	2.8984	7.7737	15.9286	25.4274
1079	0.5611	2.0177	5.6334	11.9755	19.541
1080	0.5926	2.1275	5.7462	12.4057	20.1311
1081	0.9124	3.0728	8.3348	17.8689	28.718
1082	1.592	4.6373	11.2766	21.9727	33.0628
1083	1.1131	3.483	9.0162	18.3375	28.4903
1084	0.4767	1.8139	5.0319	10.6692	17.066
1085	1.1274	3.438	8.4642	16.5252	25.4965
1106	1.1069	3.6729	9.6178	20.2578	32.2914
1107	0.8913	3.0429	8.1396	17.2224	26.792
1108	1.2583	3.9653	10.4796	21.9082	34.5427
1109	0.6926	2.2599	5.7774	11.6901	18.4966
1110	0.8712	2.8431	7.2983	15.0379	23.2942
1111	0.4899	1.8881	5.4775	11.802	19.3849
1112	0.8299	2.9006	8.128	17.561	27.6264
1113	0.8679	2.8352	7.498	15.1888	23.7168
1114	0.7371	2.5316	6.9235	14.8679	23.0791
1115	0.7097	2.4004	6.2274	12.4623	19.7772
1116	1.4684	4.3694	10.9359	21.4712	34.4376
1117	1.27	3.7637	9.4958	19.03	30.5424
1118	0.8533	2.8804	8.039	17.2628	27.2353
1119	1.1078	3.5529	8.989	18.4852	29.972
1120	0.6984	2.7483	8.4684	19.5364	32.3056
1121	0.9393	2.9509	7.7474	15.5131	24.8311
1122	1.1901	3.9518	10.5991	22.0729	34.8255
1123	0.7756	2.6197	7.2623	15.4374	24.5273
1124	0.9404	2.9777	7.5482	15.6708	24.0786
1125	0.6992	2.6115	7.4038	16.4552	25.8271
1146	0.4137	1.8677	5.8152	13.5485	22.1918
1147	0.6205	2.3722	6.6397	14.1894	21.889
1148	0.8213	2.8571	7.6106	15.9451	24.4757
1149	0.788	2.86	7.8931	16.8229	25.389
1150	0.6752	2.6013	7.513	17.1713	28.1419
1151	0.423	1.9411	6.0624	14.9582	25.3685
1152	0.4929	1.9957	5.6745	12.5185	19.3227
1153	0.6475	2.2349	5.8335	11.9348	18.3104
1154	0.2693	1.433	4.4548	10.341	16.4135
1155	0.4296	1.7101	4.8555	10.4266	17.1645
1156	1.5929	4.8431	12.2407	24.1221	36.5641
1157	0.8218	2.8501	8.1464	17.0118	26.9349
1158	1.2293	3.9336	10.2985	21.4401	33.2349
1159	0.8145	3.1878	9.6696	22.5274	37.1175
1160	0.5229	2.0461	5.969	12.9413	20.7959
1161	0.6138	2.4303	7.3693	16.1886	25.157
1162	0.1809	1.0033	3.1085	6.858	11.3485
1163	0.6713	2.4823	7.1994	16.3003	25.8553
1164	0.6591	2.2964	6.27	13.3825	21.2152
1165	0.5236	2.332	7.3266	17.6185	29.0133
1186	0.9997	3.1024	8.0613	16.6021	24.985
1187	0.7358	2.6313	7.4039	16.2942	25.1356
1188	0.3657	1.7113	5.4571	12.8218	21.1414
1189	0.361	1.556	4.3086	9.5025	15.2091
1190	0.3366	1.5892	4.9351	11.1424	17.43
1191	1.5304	4.6194	11.9545	23.8123	37.1957
1192	0.4999	1.8842	5.505	11.8018	18.6234
1193	0.8368	2.7892	7.4987	15.7938	24.4135
1194	0.4009	1.8113	5.6581	13.2129	22.4451
1195	1.2638	3.6795	8.8097	17.0068	25.5223
1196	0.3994	1.5489	4.3277	9.0024	14.3384
1197	0.5031	2.0066	5.8291	12.4376	19.1542
1198	0.4853	2.0164	6.2762	13.8224	22.5842
1199	1.5619	4.5816	11.5554	22.6062	34.2533
1200	0.9608	3.4152	10.0026	21.6691	34.5633
1201	0.9163	3.4256	10.1382	23.2924	37.2661
1202	1.0949	3.3979	9.097	18.6042	29.2225
1203	0.7607	2.7406	7.7647	16.7178	26.9511
1204	1.0415	3.3025	8.4057	16.9143	25.1747
1205	0.7116	2.6663	7.9772	17.1592	27.2224
1226	1.1096	3.4755	9.2324	18.9407	29.59
1227	0.7677	2.7443	7.28	15.1276	23.9505
1228	0.996	3.1767	8.2534	17.6395	27.999
1229	1.2236	3.8559	10.0688	20.762	32.8694
1230	1.1533	3.9451	10.7625	23.6018	38.6378
1231	0.4183	1.9916	6.1009	14.307	23.8692
1232	1.2033	3.5218	8.8684	18.3467	29.5573
1233	0.6889	2.5757	7.5855	16.8826	27.6193
1234	1.1452	3.6867	9.4952	19.7113	31.2609
1235	0.9009	3.1109	8.5496	18.6984	29.4442
1236	1.3633	4.4241	12.1015	26.386	43.2009
1237	0.5942	2.2123	6.2537	13.7214	22.4953
1238	0.856	2.7635	6.8767	14.5669	21.9814
1239	0.7422	2.5132	6.507	13.2352	20.781
1240	1.2508	3.8918	9.7774	19.5679	31.6766
1241	1.7475	5.0366	12.1985	24.7244	37.3786
1242	0.9377	3.1063	8.0649	17.1642	27.5692
1243	0.8339	2.755	7.3113	15.5433	24.6806
1244	0.924	3.3132	9.7711	21.5527	34.4686
1245	1.433	4.1855	10.1901	20.1277	30.9817
1266	0.4812	2.0259	6.3738	15.3561	26.0908
1267	0.5347	2.0352	5.2392	11.0269	17.5499
1268	0.0804	0.8035	2.7001	6.3114	10.2953
1269	0.3828	1.539	4.3743	9.3677	14.8491
1270	0.2764	1.4229	4.6149	10.9127	17.9201
1271	0.5348	2.0592	5.923	12.3235	20.276
1272	0.5717	2.1067	5.7803	12.5144	19.8031
1273	0.776	2.8773	8.1098	18.0378	29.2831
1274	0.6003	2.1975	5.9751	13.0376	21.1232
1275	0.2929	1.3861	4.0878	8.7703	14.5842
1276	0.6151	2.1024	5.6766	11.7982	18.5975
1277	0.1334	0.9923	3.4309	8.2826	14.6047
1278	0.824	2.6828	7.2037	15.1961	24.1587
1279	0.5965	2.0941	5.8378	12.1025	19.4445
1280	1.0163	3.2236	8.0312	16.3435	25.5771
1281	0.3802	1.5396	4.3487	9.7449	15.3091
1282	1.1336	3.3804	8.1817	16.577	25.9002
1283	0.4206	1.8962	5.9756	14.0217	23.0088
1284	0.5109	1.8382	4.939	10.5863	16.3363
1285	0.901	2.8864	7.571	15.7864	24.9974
1306	1.236	3.7643	9.9172	20.5486	30.3514
1307	0.3483	1.489	4.1892	9.2107	15.1925
1308	0.5549	2.1332	6.0625	13.2989	21.898
1309	1.1509	3.447	8.8945	17.9437	28.3115
1310	1.2083	4.0068	10.4094	21.5152	34.2218
1311	0.4229	1.8494	5.626	12.5868	20.2698
1312	0.8545	3.0004	8.2026	17.4011	27.207
1313	0.7968	2.8872	8.1547	17.4126	28.4367
1314	0.7743	2.3612	6.0156	11.7491	18.4201
1315	0.7935	2.9314	8.0069	18.019	29.559
1316	0.9957	3.2912	9.096	19.122	31.7118
1317	0.7381	2.3877	6.1329	12.2805	18.716
1318	0.7265	2.6902	7.7701	17.7896	28.6422
1319	0.6669	2.4763	7.2145	15.66	25.3199
1320	0.598	2.5002	7.5121	16.8451	27.459
1321	0.5615	2.2068	6.7137	15.3217	25.3098
1322	1.4944	4.2091	10.4822	20.9324	32.2364
1323	0.875	2.7996	7.1887	14.0815	21.8915
1324	0.7625	2.6467	7.2782	15.4095	25.0814
1325	0.9341	3.132	8.435	18.1885	28.1346
1346	0.5197	2.0566	6.0546	13.5588	21.6069
1347	0.4661	2.0066	6.0834	13.7889	22.1093
1348	0.7481	2.7169	7.5674	17.5942	29.4837
1349	0.3549	1.8169	6.1233	14.8724	25.737
1350	0.3515	1.4994	4.3325	9.1618	13.8427
1351	0.2774	1.486	4.7564	11.4411	18.7338
1352	1.1948	3.7794	9.8792	20.3426	32.2915
1353	0.7076	2.63	7.7	16.2633	26.316
1354	0.7503	2.6032	6.9078	14.7802	22.8851
1355	0.432	1.9555	6.1695	14.5511	24.833
1356	0.4762	1.86	5.3304	11.2645	17.4994
1357	0.6352	2.3499	6.6156	14.513	22.6441
1358	0.246	1.3142	4.0108	8.9524	14.9278
1359	0.4864	1.8854	5.5346	11.5297	18.0231
1360	0.5607	2.3626	7.1231	17.0845	28.569
1361	0.2879	1.4484	4.4604	10.8209	18.4107
1362	0.425	1.9459	6.1989	14.2651	22.9923
1363	0.5003	2.1677	6.9076	15.9158	26.5888
1364	0.5457	2.2416	6.5934	15.4835	25.7522
1365	0.7904	2.8499	7.9596	17.2937	27.3299
1386	0.9375	3.0226	8.1767	17.0006	27.2246
1387	0.5262	2.1019	5.9554	12.7174	20.2746
1388	0.5612	2.2327	6.33	14.0633	22.6536
1389	0.6831	2.4699	6.8224	14.3589	22.5899
1390	0.6899	2.1785	5.4929	11.2472	17.5849
1391	0.2146	1.2778	4.1638	9.5214	15.643
1392	0.4902	1.7577	4.6184	9.2378	14.7919
1393	0.7134	2.5036	7.0035	15.0698	24.0565
1394	0.6112	2.2114	5.8116	12.3033	19.2748
1395	0.7803	2.8485	8.253	18.8003	30.0371
1396	0.5324	2.063	5.742	12.9714	20.5694
1397	0.2823	1.3912	4.4677	10.2841	17.2105
1398	0.4583	1.7909	5.0333	10.5285	16.5359
1399	0.3211	1.511	4.6156	10.4673	17.6167
1400	0.4063	1.7841	5.3253	12.0619	19.5186
1401	0.5876	2.0514	5.4383	11.5922	18.335
1402	0.6293	2.2897	6.2465	13.9642	21.4233
1403	0.4986	1.9177	5.4468	11.5293	17.916
1404	0.498	1.9289	5.7189	12.2707	19.8809
1405	0.5472	1.8986	5.0522	10.3828	16.8293
1426	0.8633	2.969	8.2609	17.4547	27.8571
1427	1.0859	3.449	9.2113	19.5005	30.3425
1428	0.851	2.7718	7.2434	15.4437	25.1302
1429	1.0737	3.299	8.0391	16.2439	25.7514
1430	0.6724	2.389	6.4062	13.6196	20.9555
1431	0.7707	2.6852	7.1048	15.5966	25.3337
1432	1.2574	3.6364	9.0126	17.6928	27.8821
1433	0.6486	2.4639	6.8323	15.1472	24.7084
1434	0.9567	3.1403	8.4117	17.6965	28.7321
1435	1.1914	3.6065	9.484	19.4885	31.0308
1436	0.96	3.1737	8.6839	19.3152	31.6357
1437	1.1928	3.8953	10.2887	21.4632	33.1224
1438	1.752	5.2245	13.156	27.1394	43.2729
1439	0.4213	1.7604	5.2767	12.172	19.8311
1440	1.1938	3.5218	8.6798	16.8728	26.4652
1441	0.7563	2.6155	7.1249	14.9251	23.3673
1442	1.4848	4.1615	9.8686	19.5484	30.5567
1443	0.7227	2.7809	8.102	17.9363	29.6053
1444	1.169	3.6384	9.4741	20.1877	31.8317
1445	0.9397	2.8705	7.1618	14.6985	23.3884
1466	0.6923	2.3017	6.0534	11.8994	18.0225
1467	0.6317	2.3347	6.3109	13.5774	21.5743
1468	0.869	2.7722	6.9373	14.3915	22.3035
1469	0.4985	1.9552	5.7449	12.5406	20.3247
1470	0.7748	2.6002	6.6101	13.2556	20.8239
1471	0.269	1.4151	4.4226	10.6633	17.6134
1472	0.4714	1.834	5.03	10.7013	16.8449
1473	0.8753	2.9232	7.7799	16.0121	25.7335
1474	0.3958	1.6261	4.7655	10.4923	16.9758
1475	0.7381	2.4701	6.5869	12.8711	20.3748
1476	0.5061	2.0025	5.507	12.1305	19.6853
1477	0.4795	1.9077	5.4875	12.0147	19.0018
1478	0.7208	2.4201	6.52	13.9808	22.1172
1479	0.8644	2.7342	7.361	15.1781	23.784
1480	1.4091	4.0163	10.1525	20.6526	32.1934
1481	0.6197	2.1899	5.8158	12.1703	19.3525
1482	0.5882	1.9762	5.2884	10.8066	16.8612
1483	1.5149	3.9785	8.8478	16.5482	24.7487
1484	0.4429	1.6068	4.4495	8.8822	13.8403
1485	0.5696	2.0704	5.6594	12.1691	19.2538
1506	1.2593	3.7547	9.25	18.4601	28.7021
1507	0.91	2.8978	7.3369	15.0337	24.1254
1508	1.1842	3.4463	8.6685	17.5596	27.3383
1509	0.638	2.3178	6.4299	13.6201	21.6017
1510	1.2014	3.5626	9.1183	18.7083	28.6398
1511	0.927	3.1003	8.5804	18.524	29.9227
1512	1.1287	3.1309	7.2448	13.7699	20.8428
1513	1.0102	3.3846	9.2075	19.3641	30.495
1514	0.7163	2.5884	7.5838	17.4034	27.925
1515	0.5388	1.8599	4.9042	10.1236	16.1504
1516	0.9561	2.7749	6.6897	12.592	19.4794
1517	1.3709	4.2924	11.2127	23.3317	35.9876
1518	1.4497	4.3939	11.1564	22.7509	35.6995
1519	1.1448	3.2401	7.9239	15.7914	24.7715
1520	0.5567	2.1025	5.8604	12.9584	20.4255
1521	1.1102	3.2555	7.6521	15.4686	23.6269
1522	0.4583	1.8154	5.0515	11.0178	17.6775
1523	0.925	3.036	8.133	17.4567	27.8305
1524	1.1541	3.4375	8.3667	16.5411	25.4707
1525	1.0008	3.1521	8.0323	16.4989	25.8804
1546	0.7159	2.544	7.0085	14.9096	24.1592
1547	0.7294	2.382	6.1685	12.5311	19.2657
1548	0.2226	1.1629	3.379	7.5248	11.6817
1549	0.4711	1.7976	5.0565	10.59	16.8684
1550	0.3913	1.798	5.6506	12.8519	20.1476
1551	0.6956	2.5771	7.1507	15.5376	24.1131
1552	0.0601	0.8883	3.3016	8.56	14.6777
1553	0.9551	3.1366	7.9567	16.3021	24.9867
1554	0.5429	2.2144	6.2196	13.6236	21.8232
1555	0.5744	2.1315	5.8398	12.7967	20.24
1556	0.2336	1.2712	3.8975	8.8766	14.0495
1557	0.5808	2.4889	7.7701	18.6002	32.0219
1558	0.5477	2.2643	6.5218	14.2518	22.8988
1559	0.226	1.2625	3.9163	9.1412	14.5333
1560	0.4295	1.8185	5.3031	11.9688	19.2121
1561	0.1496	0.9976	3.2357	7.1463	11.4292
1562	0.4297	1.9395	6.0093	13.8126	22.0297
1563	0.4222	1.8842	5.5246	12.0799	19.4
1564	0.5114	2.1176	6.5092	14.6756	23.3733
1565	0.7004	2.6665	7.6729	16.4383	25.7897
1586	0.722	2.6632	7.1743	15.4968	23.7739
1587	0.694	2.5111	6.9991	15.1942	24.6357
1588	0.3965	1.6991	4.8243	10.6619	16.6961
1589	0.4889	1.9291	5.3502	11.3617	17.5937
1590	0.5976	2.1383	5.6668	11.7539	18.7258
1591	1.0513	3.227	8.1833	16.5758	24.5604
1592	0.7547	2.5026	6.6491	13.8011	22.3413
1593	0.8208	2.8287	7.8651	15.8773	25.0278
1594	0.4384	1.8797	5.6711	12.5715	19.4663
1595	0.5613	2.3637	7.3731	17.3073	28.0417
1596	0.7506	2.7506	7.5859	16.8151	25.5413
1597	0.6904	2.5074	6.9136	14.7429	23.0395
1598	0.7412	2.5159	6.9104	14.0344	21.9726
1599	0.5122	1.9192	5.3652	11.3873	17.9811
1600	0.4321	1.8717	5.4008	12.1453	19.1662
1601	0.257	1.4907	4.9542	11.9993	19.7871
1602	0.4384	1.7664	5.1929	11.0635	17.7582
1603	0.5569	2.3114	6.8976	15.6086	25.0917
1604	0.6555	2.3654	6.4618	13.47	21.0598
1605	0.3544	1.6461	4.973	11.3074	18.2463
1626	0.7294	2.5775	6.8974	14.308	23.0669
1627	0.5904	2.3481	7.1631	17.4231	29.9901
1628	0.9796	3.2744	9.1685	20.1092	32.9455
1629	0.7879	2.791	7.9074	17.0327	27.8342
1630	0.8198	2.8439	7.7271	16.2868	25.4647
1631	1.4459	4.281	10.716	22.0841	34.5052
1632	0.7184	2.5747	7.0163	15.0533	23.8708
1633	0.8394	2.7688	7.0912	14.3209	22.5082
1634	0.8347	2.8968	8.0845	17.6644	29.412
1635	0.5492	2.2346	6.9275	16.0631	26.876
1636	1.4956	4.4527	11.5208	23.6165	36.6891
1637	0.7735	2.7787	8.217	18.1345	31.3766
1638	0.5857	2.4084	7.4591	17.8146	29.7431
1639	0.7168	2.5512	6.9828	15.0335	23.8941
1640	0.6272	2.5724	8.1402	18.908	31.9472
1641	1.0255	3.3475	8.9119	19.2799	30.8214
1642	0.9497	3.2648	9.4264	20.5315	34.0612
1643	0.6746	2.3656	6.4996	13.8056	21.6854
1644	1.2958	4.164	10.7598	22.3373	36.9076
1645	0.7722	2.8809	8.3252	18.2446	30.7382
1666	0.8711	3.118	8.6134	17.9771	29.2318
1667	0.7553	3.0506	9.1254	21.3244	35.5294
1668	0.8432	2.6182	6.7465	13.4369	21.2983
1669	0.4523	1.7871	4.9081	10.7425	17.3157
1670	0.4717	1.8715	5.5987	12.1489	20.2416
1671	0.4385	1.9127	5.7489	12.9314	21.8591
1672	0.3196	1.4883	4.4865	10.1296	16.7729
1673	0.7853	2.7997	8.1522	17.5355	29.8543
1674	0.7173	2.3748	6.2477	12.9042	20.501
1675	0.5194	2.2137	6.6018	14.7946	25.0991
1676	0.8199	2.552	6.5402	13.4127	20.8107
1677	0.5925	2.1128	5.9766	12.5313	20.1727
1678	0.4449	1.8796	5.7086	13.0481	21.4403
1679	0.7862	2.8042	7.8561	16.9666	26.9352
1680	0.8468	2.8715	7.662	16.9884	26.8287
1681	1.1212	3.7729	10.2934	22.0188	34.9817
1682	0.6529	2.2563	6.1108	12.9375	20.556
1683	0.4688	1.884	5.2378	11.6725	19.1868
1684	0.5808	2.3862	6.9924	15.5628	24.9803
1685	0.9202	3.0402	8.4763	17.9852	28.8011
1706	0.8107	3.0143	8.683	19.8966	32.4391
1707	1.036	3.6435	9.9657	21.3455	34.2736
1708	1.1302	3.6514	9.5254	20.12	32.0983
1709	0.8703	3.2298	9.0756	20.1236	32.5998
1710	0.7845	2.7653	7.7102	16.9728	27.2017
1711	0.3894	1.7206	5.4107	12.3483	19.8845
1712	0.8374	2.9601	8.5323	18.5797	30.1533
1713	0.8241	2.9541	8.0897	17.2096	27.7623
1714	1.0064	3.5678	10.0675	22.8896	36.9298
1715	0.3718	1.8535	6.2437	15.2426	25.244
1716	0.5406	2.273	7.1963	16.0932	26.6966
1717	0.8103	2.589	6.8114	14.0014	21.4735
1718	1.1387	3.6985	10.0369	21.4372	34.5362
1719	1.1162	3.8486	10.6628	23.6646	37.9568
1720	1.0031	3.4293	9.6954	21.1595	34.0513
1721	0.5535	2.1816	6.3701	14.4416	23.0229
1722	1.1387	3.815	10.3018	22.3037	34.5529
1723	0.9551	3.4074	9.6186	21.2692	34.7042
1724	0.646	2.4346	6.7408	14.8144	23.7652
1725	0.7345	2.7117	7.8434	17.4435	28.9034
1746	0.3426	1.7211	5.6109	13.4358	22.733
1747	1.0281	3.4251	8.9423	18.191	27.9164
1748	0.787	2.7338	7.5189	15.9461	25.0907
1749	0.6932	2.4398	6.8094	14.6198	23.6892
1750	0.5007	1.9485	5.5425	11.6548	18.6104
1751	0.966	3.2429	8.4959	17.9189	28.2608
1752	0.4361	2.0557	6.4815	15.2774	24.0755
1753	0.731	2.5984	7.1486	15.2733	24.6239
1754	0.5931	2.3744	7.1393	15.7218	24.2634
1755	0.661	2.3934	6.5367	13.6144	21.5705
1756	0.8499	2.726	7.257	15.0884	24.5672
1757	0.4451	1.7963	5.1157	11.3961	18.1265
1758	0.8756	3.0644	8.4739	17.7757	27.8368
1759	0.5303	2.1487	6.7131	15.4712	24.9267
1760	0.1943	1.1897	3.8163	8.6674	14.2619
1761	0.6831	2.4992	7.0813	15.5807	25.0653
1762	0.1816	1.1006	3.3533	7.4412	11.6165
1763	0.6533	2.5334	7.292	16.515	26.2792
1764	0.2923	1.5976	5.0478	12.0709	19.6546
1765	0.6162	2.2083	6.0082	12.6149	20.0264
1786	0.3603	1.6101	4.851	10.7474	17.5537
1787	0.5924	2.28	6.773	15.7042	25.9755
1788	0.5309	2.2338	6.9184	15.8887	25.4516
1789	0.7707	2.6844	7.133	15.1543	24.0552
1790	0.5031	2.2111	6.9731	16.0055	25.5441
1791	0.5699	2.0797	5.6153	11.9302	19.3748
1792	0.4617	2.026	6.1231	13.958	23.1567
1793	0.4377	2.0884	6.723	15.9989	26.4313
1794	0.4091	1.8948	5.9247	14.0252	23.7397
1795	0.4268	1.843	5.5491	12.2168	19.5896
1796	0.6712	2.3319	6.1482	12.6983	19.6888
1797	0.6603	2.1334	5.2908	10.5269	16.5373
1798	0.5508	1.9651	5.1604	10.6529	16.6248
1799	0.588	2.0361	5.5807	12.1433	19.8229
1800	0.3874	1.5366	4.2443	8.5977	13.4196
1801	0.4596	1.7271	4.5223	9.4534	14.7242
1802	0.539	2.26	6.7706	15.535	26.5629
1803	0.579	2.0719	5.8497	12.2813	19.0845
1804	0.0888	0.9245	3.2751	7.7161	13.0658
1805	0.4532	1.938	5.7001	12.7756	21.6528
1826	0.3227	1.5774	4.918	11.7052	19.7035
1827	0.3673	1.8321	5.8689	14.0724	22.7175
1828	0.5071	2.2281	7.0001	16.084	27.1529
1829	1.1113	3.6363	9.8863	21.5111	35.4107
1830	0.7098	2.6539	7.9324	17.8299	28.8042
1831	0.8152	2.875	8.4574	19.1878	31.567
1832	1.3678	4.038	10.1228	20.1861	32.0264
1833	0.4918	2.0736	6.1214	13.87	22.3349
1834	0.8813	3.2156	9.0895	19.442	30.7502
1835	0.7506	2.709	7.929	17.8418	31.3758
1836	0.6871	2.4491	6.8602	14.9148	25.0569
1837	0.2168	1.26	4.022	9.7132	16.0849
1838	0.4514	2.045	6.4441	15.1621	25.213
1839	0.7612	2.7888	7.7543	16.9636	27.3302
1840	0.9428	3.2955	9.263	20.41	33.7796
1841	0.8922	3.2221	8.9848	20.439	33.9535
1842	0.398	1.7798	5.4442	12.8057	21.3381
1843	1.0842	3.3213	8.4935	17.9239	28.5741
1844	0.9088	2.9497	7.617	16.5737	26.4971
1845	0.6698	2.415	6.7511	14.6837	24.3846
1866	0.614	2.3859	6.9501	15.122	24.8082
1867	0.6057	2.2524	6.5363	14.0142	23.6923
1868	0.446	1.7936	5.138	11.334	18.2736
1869	0.4941	2.1869	6.6804	14.8661	24.4747
1870	0.656	2.3886	6.8585	14.6722	24.3506
1871	0.6292	2.3391	6.8434	15.3892	25.361
1872	0.47	1.8727	5.2883	11.7187	19.6402
1873	0.3899	1.757	5.3789	12.8794	21.8981
1874	0.0889	0.8385	2.8153	6.372	10.7032
1875	0.7259	2.4639	6.6527	13.5492	21.2603
1876	0.5721	2.0978	5.6092	12.0374	19.1831
1877	0.3134	1.4188	4.018	8.5725	13.9438
1878	0.1101	0.9534	3.355	8.4717	14.1562
1879	0.8598	2.9613	8.1015	17.0912	27.4597
1880	0.52	2.1041	6.3102	14.4486	23.8586
1881	0.5153	1.9271	5.1227	10.7521	17.3488
1882	0.4564	1.978	6.2206	14.7405	24.5331
1883	0.2996	1.4914	4.496	9.8543	15.4756
1884	0.4001	1.6727	4.8962	10.5586	16.6049
1885	0.4765	2.0336	6.0223	14.0092	22.8732
1906	0.5405	2.128	6.0663	13.428	21.5115
1907	1.1961	3.6504	9.3556	19.6077	30.6308
1908	0.1526	1.0934	3.6838	9.2322	15.8645
1909	0.7072	2.6648	7.5283	16.7499	27.3446
1910	0.1226	1.1738	4.4692	12.0817	21.0608
1911	0.8173	2.8573	8.0386	16.9303	27.1917
1912	0.4843	1.959	5.7471	12.6666	20.8179
1913	0.5375	2.1416	6.1753	13.7239	22.4655
1914	0.7677	2.7072	7.3921	16.2284	26.955
1915	0.656	2.5725	7.9334	18.2624	30.8603
1916	0.4484	1.726	4.7485	10.0244	16.4619
1917	0.4206	2.0055	6.471	15.677	26.6909
1918	0.2743	1.5241	5.029	11.7227	19.7566
1919	0.8158	2.5908	6.623	13.4225	20.7288
1920	0.6666	2.4149	6.9388	15.6993	24.8681
1921	0.7532	2.6354	7.4448	16.4243	27.5597
1922	0.4976	1.9937	5.7783	12.8926	20.8186
1923	0.6769	2.5992	7.5805	17.4768	29.3189
1924	0.2483	1.1684	3.6037	7.8724	12.8726
1925	0.9489	3.1567	8.4185	18.1734	29.2268
1946	0.3686	1.7952	5.7667	13.6772	22.1863
1947	1.2317	4.3147	12.4687	28.3738	45.5792
1948	0.6389	2.7021	8.6316	20.8591	35.0265
1949	0.6421	2.5129	7.7367	17.9095	30.4858
1950	0.6503	2.5107	7.6253	17.2757	29.1662
1951	0.9699	3.3659	9.2562	20.2672	32.8385
1952	0.6016	2.5887	7.9654	19.848	33.6482
1953	0.6414	2.5749	8.0322	18.5803	30.0422
1954	0.5793	2.3902	7.3861	17.5028	28.323
1955	0.795	3.1867	9.4225	22.3344	35.7427
1956	0.3707	1.7985	5.9934	14.5508	24.5951
1957	0.7367	2.7857	7.8188	17.9865	29.9928
1958	0.468	2.1933	7.1619	17.4633	28.5489
1959	0.8161	3.0458	9.0816	21.1406	35.5048
1960	0.4488	2.0284	6.2534	14.4375	23.0487
1961	0.42	1.8833	5.8374	13.5413	22.0112
1962	1.0683	3.5789	10.142	22.6402	37.0416
1963	1.0017	3.6142	10.5582	23.8288	38.0705
1964	0.5022	1.9861	5.7141	12.2509	18.8672
1965	0.8614	3.3466	9.8849	23.2919	38.2913
1986	0.8053	2.9907	8.4955	18.4457	29.9819
1987	0.7843	2.8689	8.5208	18.912	31.5083
1988	0.9332	3.1973	9.3962	20.8145	33.9619
1989	0.4408	1.9093	5.7906	12.9906	21.4011
1990	0.7034	2.6766	7.835	17.5963	29.6316
1991	0.4357	1.9075	5.7351	12.7955	20.8986
1992	0.7117	2.6937	7.6255	17.3714	27.4614
1993	0.9057	3.3123	9.8208	22.6807	37.4256
1994	0.5725	2.4849	7.9951	19.5142	31.4494
1995	1.1993	4.0628	11.2675	25.535	39.2055
1996	0.6147	2.2535	6.231	13.2738	20.7164
1997	0.7809	2.9565	8.6907	20.1092	33.3389
1998	0.8833	2.7332	6.8846	13.4753	20.5994
1999	0.5626	1.9987	5.5581	11.1287	17.9039
2000	0.6381	2.7184	8.3731	20.3888	34.4148
2001	0.7881	2.8495	8.1545	17.4215	27.849
2002	0.9542	3.3521	9.8047	21.7214	36.3354
2003	0.662	2.5891	7.4802	16.5213	26.495
2004	0.1921	1.3607	5.1647	13.2589	22.5245
2005	0.5238	2.5093	8.2836	19.9665	33.0389
2026	0.7289	2.6405	7.3717	16.0525	25.6911
2027	0.8178	2.8596	8.1688	17.6704	28.2695
2028	0.3287	1.4369	4.2185	9.0812	14.9349
2029	0.9454	3.2902	9.2648	19.8374	32.0735
2030	1.0966	3.6175	9.9684	21.1833	33.5897
2031	0.7647	2.6854	7.5146	16.2365	27.3615
2032	0.5204	2.1772	6.4673	14.7196	23.948
2033	0.7918	2.9322	8.8779	20.5267	33.885
2034	0.9751	3.0958	7.9249	16.6683	25.7714
2035	0.8208	3.1903	9.1956	21.1309	34.6835
2036	0.7194	2.4016	6.3038	13.3417	20.8927
2037	1.4827	4.4459	11.3674	23.2906	36.6595
2038	0.4139	1.6805	4.7261	10.1755	16.2981
2039	1.3037	4.0789	10.7928	22.839	37.889
2040	0.7333	2.6751	7.5029	15.8266	24.9872
2041	0.6778	2.7097	7.9048	17.6866	29.6474
2042	0.9646	3.2924	8.6789	18.4205	28.9097
2043	0.5257	1.937	5.3674	11.3304	18.1476
2044	1.1046	3.7916	10.9428	23.938	39.0021
2045	0.9267	3.1103	8.6719	18.9573	29.4731
2066	0.656	2.4136	6.8921	14.9143	24.0769
2067	0.5935	2.2739	6.5893	14.6056	23.6896
2068	0.789	2.7512	7.3016	15.4564	24.7028
2069	1.16	3.831	10.0311	21.4801	33.0571
2070	0.7973	2.7845	7.5851	16.376	26.5447
2071	0.3009	1.59	4.8863	11.5297	18.983
2072	0.4534	1.8849	5.5476	12.2268	19.5418
2073	0.7459	2.6225	7.0338	14.8802	23.5014
2074	0.6862	2.5094	7.032	15.1529	25.3524
2075	0.5793	2.3641	6.8443	16.059	27.0575
2076	0.9545	2.8892	7.2163	14.522	21.6492
2077	0.8944	3.0641	8.8142	19.3551	31.5734
2078	0.5897	2.1929	6.2856	13.7093	22.0916
2079	0.4519	1.8271	5.1892	11.1638	18.0018
2080	0.6947	2.5951	7.4735	16.305	26.7277
2081	1.0343	3.363	9.1017	19.1013	30.3123
2082	0.7749	2.8145	7.7275	17.0636	27.3295
2083	1.2806	3.8969	9.4735	19.1998	28.8211
2084	0.3014	1.4518	4.5512	10.8017	17.879
2085	0.4462	2.0255	6.2438	14.5957	23.8519
2106	0.906	2.9717	8.0213	17.2384	26.941
2107	0.9229	2.8407	7.1416	14.3482	22.4177
2108	1.1102	3.5164	9.4086	19.5036	30.3796
2109	0.2775	1.4469	4.6307	10.7699	17.6022
2110	0.9195	3.2173	9.0068	19.6168	30.5142
2111	1.1311	3.8162	10.496	23.0922	36.7189
2112	0.7253	2.8571	8.5169	19.8299	32.3442
2113	1.1895	4.021	11.0693	23.3519	35.8729
2114	0.4357	1.7069	4.81	9.8591	16.0381
2115	1.0235	3.3082	8.838	18.1139	28.6429
2116	0.9372	3.3444	9.34	20.1149	31.8285
2117	0.6392	2.2687	6.2519	12.8466	20.1276
2118	0.8658	3.1483	8.7929	19.8145	32.0579
2119	0.3889	1.7147	5.4363	12.1096	19.0679
2120	0.905	3.2382	9.108	19.8016	32.3077
2121	0.7373	2.7948	7.8528	16.9647	27.7348
2122	0.673	2.4619	6.9156	14.692	23.5341
2123	0.5108	2.0476	6.0738	13.4924	22.1291
2124	1.3093	4.0692	10.6563	22.3059	35.3175
2125	0.5633	2.2037	6.1744	13.6788	21.4261
2146	0.1495	1.0217	3.2443	7.4192	12.0085
2147	0.9589	3.3515	8.9819	19.0814	29.8482
2148	0.9514	2.8389	7.2259	14.2298	22.5246
2149	0.3126	1.6303	5.3892	12.3109	20.4115
2150	0.7557	2.653	7.2668	15.0809	23.6911
2151	0.8993	3.1989	8.6567	19.0522	30.9969
2152	0.4871	1.7098	4.6353	10.0003	15.5008
2153	0.7418	2.7489	8.0089	18.246	30.0392
2154	0.5777	2.1597	6.0758	13.0017	21.2396
2155	0.9613	3.2685	8.8337	18.8998	29.4031
2156	0.5463	2.143	6.1613	13.5013	21.717
2157	0.2678	1.567	5.2714	13.2552	22.2544
2158	0.1126	1.0099	3.5025	8.1574	13.6569
2159	0.2959	1.4498	4.4431	9.8418	15.9132
2160	0.4817	1.9607	6.0163	13.2815	21.7927
2161	0.6747	2.5313	7.1503	15.1952	24.1589
2162	0.2726	1.3917	4.3897	10.0529	16.6321
2163	1.1901	3.7317	9.2732	18.5222	28.5221
2164	0.7366	2.766	8.2746	17.9626	29.014
2165	0.4717	1.8429	4.9024	10.5247	16.0069
2186	1.5447	4.1695	9.6566	18.4411	27.7299
2187	0.9657	2.9804	7.5282	14.8763	22.9818
2188	0.7678	2.3892	5.679	11.1202	16.6098
2189	0.4266	1.9719	6.0417	13.5648	21.7284
2190	0.5901	2.2355	6.3576	13.8357	22.3228
2191	0.7996	2.9542	8.4333	18.2856	28.3277
2192	0.3278	1.5164	4.583	10.0276	16.4524
2193	0.3731	1.5916	4.7521	10.3488	17.0256
2194	1.4553	4.0199	9.7698	18.8349	29.024
2195	0.6505	2.5627	7.454	16.5683	26.3707
2196	0.8096	2.8082	7.7491	16.6714	26.9592
2197	0.7477	2.8173	8.2123	18.4555	30.6606
2198	0.8803	2.8565	7.211	14.7611	23.2866
2199	0.2515	1.334	4.1392	9.4894	15.0887
2200	0.393	1.9428	6.3768	15.2894	24.6223
2201	0.9196	3.0605	8.2999	17.367	28.0103
2202	0.836	3.2736	9.8838	21.9591	34.7823
2203	0.1839	1.1039	3.4247	7.6756	12.2004
2204	0.5617	2.1275	6.0047	12.944	20.9761
2205	0.7475	2.6712	7.5366	16.1147	24.925
2226	1.1852	3.8162	9.991	20.7758	33.005
2227	0.9841	3.2341	8.539	17.8971	28.5682
2228	0.9839	3.1829	8.5523	18.4882	30.2848
2229	1.2131	3.9515	10.1997	22.4278	36.0065
2230	0.9878	3.1444	8.324	17.4665	27.9463
2231	0.507	1.9988	6.0683	14.1518	23.3436
2232	1.1603	3.5677	9.3992	19.2242	29.5631
2233	0.6742	2.4221	6.9657	15.3033	24.5405
2234	0.6799	2.4377	6.8167	15.0844	24.3296
2235	1.1929	3.7784	9.7184	19.8614	32.1296
2236	1.2547	4.1237	11.4729	25.5359	41.1539
2237	1.0075	3.2059	8.3096	17.8254	28.8084
2238	0.8841	3.0297	8.4629	18.4034	30.0998
2239	1.2222	3.938	10.3113	21.9344	35.1581
2240	1.2571	4.0346	10.5818	21.9948	35.102
2241	0.9023	3.1871	9.3619	21.359	35.201
2242	1.2497	3.7419	9.4822	19.6736	30.8566
2243	0.8709	3.1306	8.7937	19.0601	31.3841
2244	0.8548	2.7976	7.4918	15.5841	24.6278
2245	1.6626	4.6412	10.9722	21.7356	35.4652
2266	1.1019	3.5096	9.0399	18.9427	30.0365
2267	0.4269	1.777	5.1157	11.4779	18.731
2268	1.1455	3.4924	8.7626	17.6863	27.0289
2269	0.791	2.5618	6.8945	14.5467	22.7328
2270	0.8581	2.7374	7.2224	14.5261	22.8231
2271	1.0982	3.4063	8.448	17.731	27.9909
2272	0.5913	2.0939	5.7543	12.5746	20.6114
2273	0.4821	1.9436	5.6989	13.2296	22.029
2274	0.7193	2.4995	6.8085	14.3757	22.8513
2275	0.9959	3.5388	10.3406	22.8532	37.3285
2276	0.768	2.5073	6.5071	13.484	21.2872
2277	0.9778	3.1354	8.2314	17.0601	26.7172
2278	0.7859	2.5939	6.6853	14.4453	22.9484
2279	0.8264	2.7961	7.4884	15.304	24.0059
2280	0.6198	2.4814	7.7113	17.5322	29.6611
2281	0.382	1.6497	5.0556	11.3035	19.0399
2282	0.8967	2.8835	7.4283	15.4151	24.0389
2283	0.6458	2.3587	6.5	14.6136	23.9526
2284	0.9484	2.9973	7.5835	15.0366	24.2395
2285	0.7851	2.7984	8.1374	18.281	30.3036
2306	0.8948	2.9846	7.9595	16.4166	25.8145
2307	0.6965	2.7554	8.485	20.2161	32.7872
2308	0.6151	2.2491	6.5851	14.5114	23.8066
2309	0.7764	2.4908	6.2531	12.4522	19.345
2310	1.1502	3.6872	9.4922	19.7113	31.3576
2311	0.7321	2.4605	6.8282	14.6955	23.3524
2312	1.268	3.6903	9.3442	18.0539	27.5336
2313	1.1484	3.7872	10.6501	23.1369	36.3862
2314	0.7558	2.6783	7.4024	16.1217	26.0449
2315	1.2522	3.9517	10.335	20.9974	33.4733
2316	1.0418	3.2605	8.1323	16.1535	24.6196
2317	1.0603	3.3825	9.1814	19.4841	31.8033
2318	1.252	3.8607	9.8649	20.0538	30.4534
2319	0.5914	2.2115	6.1059	13.0581	21.1672
2320	1.2795	3.429	7.87	14.5741	22.4319
2321	1.3859	4.1209	9.6474	18.4268	28.0486
2322	0.4557	2.0123	6.5413	15.8839	27.1157
2323	0.9373	2.9758	7.8287	16.8056	27.2537
2324	1.1379	3.5646	9.4117	19.5729	30.2244
2325	0.9656	3.0088	7.6854	15.6073	25.0472
